2 0.825893 0.297619 0.228175 0.284392
1 0.370784 0.618386 0.151290 0.158730
1 0.236855 0.439815 0.141369 0.145503
1 0.385665 0.443122 0.131448 0.165344
0 0.176091 0.176918 0.213294 0.248016
0 0.105407 0.677910 0.151290 0.171958
1 0.846974 0.734127 0.126488 0.145503
2 0.654762 0.885251 0.178571 0.229497
2 0.473710 0.892857 0.178571 0.205026
1 0.393105 0.082672 0.181052 0.152116
0 0.639881 0.274471 0.188492 0.158730
2 0.746528 0.089286 0.208333 0.171958
1 0.066964 0.477844 0.133929 0.221561
1 0.442708 0.859788 0.101687 0.152116
1 0.519593 0.628307 0.176091 0.284392
1 0.510913 0.418320 0.124008 0.201720