0 0.581597 0.317460 0.339782 0.436508
0 0.167411 0.282738 0.161210 0.214947
0 0.535714 0.810185 0.317460 0.376984
0 0.891617 0.557209 0.215774 0.512566
0 0.106647 0.114087 0.188492 0.208333
0 0.390625 0.109127 0.319940 0.191799
0 0.856895 0.201720 0.230655 0.271164
0 0.088046 0.542328 0.156250 0.297619
0 0.275298 0.514220 0.193452 0.327381
0 0.380704 0.315807 0.161210 0.340608
0 0.720486 0.911706 0.101687 0.176587
0 0.833333 0.885251 0.178571 0.229497
0 0.270337 0.763889 0.183532 0.244709
0 0.673363 0.090939 0.131448 0.155423
0 0.960069 0.044643 0.079861 0.069444
0 0.972222 0.185185 0.049603 0.205026