1 0.397188 0.582488 0.213125 0.276605
1 0.099531 0.607093 0.195937 0.283178
0 0.383059 0.298578 0.229856 0.250271
0 0.267084 0.131643 0.208494 0.262992
0 0.840328 0.456636 0.228519 0.240279
0 0.749513 0.658915 0.191038 0.222264
0 0.570803 0.443922 0.189819 0.247550
1 0.123050 0.375791 0.200562 0.195612
0 0.902347 0.222570 0.194944 0.298271
0 0.278806 0.453915 0.159425 0.216961
0 0.927244 0.647411 0.145388 0.237705
1 0.258300 0.768535 0.260500 0.280403
1 0.115356 0.135128 0.134275 0.186984
0 0.562500 0.719484 0.186525 0.299930
0 0.162966 0.270860 0.162356 0.153829
1 0.431891 0.103337 0.143431 0.177295
0 0.697269 0.210609 0.226075 0.342783
0 0.528809 0.212721 0.183594 0.250729
1 0.434081 0.831519 0.158938 0.202124
0 0.880369 0.070043 0.235475 0.140085
0 0.045103 0.312194 0.085694 0.164574
0 0.078916 0.842419 0.156619 0.173209
0 0.559572 0.049248 0.147094 0.096295