1 0.247146 0.338378 0.167052 0.172713
1 0.319739 0.876516 0.122836 0.140053
1 0.491082 0.416702 0.115373 0.169787
1 0.715112 0.409176 0.135746 0.158777
1 0.417724 0.117447 0.138433 0.205532
1 0.624515 0.694654 0.153060 0.215585
1 0.279795 0.541197 0.166978 0.192819
1 0.067481 0.307287 0.134963 0.202021
1 0.384515 0.289894 0.116343 0.173511
1 0.618153 0.478191 0.124888 0.186702
1 0.888190 0.849894 0.157724 0.213191
1 0.854981 0.328910 0.137575 0.151330
1 0.368396 0.449335 0.126940 0.185160
1 0.141959 0.552314 0.125261 0.190904
1 0.160989 0.888883 0.180410 0.214894
1 0.798806 0.639654 0.122910 0.179734
1 0.480951 0.737846 0.128545 0.185691
1 0.832034 0.473670 0.150261 0.170213
1 0.190653 0.204149 0.135858 0.173511
1 0.091231 0.127979 0.148806 0.186702
1 0.527817 0.080745 0.122724 0.161489
1 0.658209 0.129388 0.112612 0.157500
1 0.261250 0.720426 0.145634 0.189149
1 0.943358 0.205665 0.102313 0.211755
1 0.811530 0.200824 0.163209 0.156968
1 0.038470 0.578059 0.076940 0.177394
1 0.144272 0.739229 0.133172 0.191755
1 0.504403 0.239601 0.128284 0.166436
1 0.601567 0.305718 0.119627 0.176436
1 0.738769 0.858218 0.091567 0.137819
1 0.872071 0.681090 0.089888 0.139309
1 0.209459 0.071941 0.140858 0.143883
1 0.462892 0.904867 0.135261 0.178883
1 0.693843 0.266064 0.100149 0.145851
1 0.823228 0.076489 0.117799 0.152979
1 0.658694 0.919495 0.144403 0.159415
1 0.952649 0.393617 0.088507 0.151809
1 0.510261 0.589202 0.121045 0.160532
1 0.069254 0.483059 0.089104 0.131649
1 0.954590 0.704388 0.080373 0.154521
1 0.571287 0.817181 0.094366 0.135213
1 0.796399 0.950798 0.121903 0.094043
1 0.404049 0.763590 0.083022 0.155585
1 0.039179 0.833165 0.077090 0.185160
1 0.292220 0.185479 0.088993 0.104149
1 0.731922 0.550559 0.063470 0.119202
1 0.912593 0.590239 0.079216 0.116862
1 0.558097 0.940372 0.080821 0.114574
1 0.963862 0.532500 0.068918 0.137660
1 0.386978 0.615346 0.133433 0.174628