1 0.582031 0.770601 0.210938 0.169307
0 0.156499 0.594727 0.256104 0.258301
0 0.119507 0.766606 0.229248 0.184814
0 0.342778 0.786621 0.223760 0.139648
0 0.373540 0.524902 0.198369 0.160039
1 0.553716 0.359868 0.182744 0.165283
1 0.745605 0.346440 0.188359 0.162354
0 0.362065 0.658696 0.206299 0.169678
1 0.543945 0.184326 0.171875 0.156621
1 0.382085 0.399658 0.181885 0.143437
1 0.395020 0.309087 0.165039 0.130498
1 0.219370 0.329351 0.202393 0.164307
1 0.814458 0.608398 0.227783 0.194336
1 0.729497 0.256597 0.164795 0.105771
1 0.713374 0.179575 0.166143 0.139404
1 0.774902 0.479741 0.222656 0.193115
1 0.243413 0.216196 0.202393 0.180420
0 0.194097 0.458740 0.218018 0.177246
1 0.394292 0.212402 0.130986 0.116152
1 0.267578 0.107241 0.180059 0.161377
1 0.416992 0.161016 0.122930 0.103398
0 0.846196 0.764648 0.279541 0.187383
1 0.578130 0.614263 0.211064 0.207275
1 0.559082 0.099307 0.154297 0.174687