1 0.295692 0.171161 0.140848 0.138571
1 0.152188 0.131786 0.142054 0.149107
1 0.419665 0.851540 0.181830 0.160045
1 0.278371 0.741808 0.175313 0.188080
0 0.264040 0.440759 0.158705 0.154196
0 0.376429 0.294687 0.164375 0.170536
0 0.619353 0.811987 0.191562 0.174241
0 0.448973 0.193638 0.142679 0.142455
0 0.403103 0.496339 0.158438 0.181518
0 0.662589 0.259308 0.158929 0.172723
0 0.112991 0.519554 0.179554 0.175804
0 0.179062 0.312991 0.151250 0.159196
0 0.470469 0.680179 0.171652 0.166607
0 0.635290 0.589866 0.178080 0.160536
1 0.530781 0.305179 0.137813 0.136607
0 0.542500 0.454621 0.134286 0.187723
0 0.097746 0.682634 0.177009 0.153304
0 0.078482 0.842277 0.154554 0.179554
1 0.679688 0.426027 0.154554 0.172500
1 0.662589 0.161406 0.141250 0.080937
0 0.666518 0.941875 0.160536 0.115804
0 0.806161 0.643571 0.186875 0.201786
0 0.681652 0.708460 0.106875 0.121295
1 0.506719 0.066875 0.124598 0.132946