3 0.302579 0.805886 0.243056 0.388228
3 0.508433 0.560516 0.238095 0.406746
2 0.916667 0.464616 0.166667 0.287698
0 0.701885 0.191799 0.188492 0.224868
2 0.079365 0.208333 0.133929 0.244709
0 0.257937 0.254630 0.188492 0.205026
0 0.101687 0.654762 0.178571 0.277778
2 0.746528 0.787037 0.133929 0.211640
1 0.358383 0.099206 0.121528 0.171958
2 0.595238 0.890212 0.124008 0.219577
0 0.920139 0.052910 0.133929 0.092593
2 0.296379 0.423280 0.101687 0.125661
1 0.880456 0.687831 0.198413 0.297619
0 0.560516 0.347222 0.089286 0.152116