0 0.730000 0.563675 0.160000 0.347350
0 0.615000 0.159442 0.141111 0.259717
0 0.483333 0.369787 0.211111 0.338725
1 0.304583 0.842979 0.184167 0.251792
0 0.102222 0.193392 0.160000 0.248450
0 0.482911 0.653679 0.187378 0.304142
0 0.920411 0.219542 0.150022 0.283817
0 0.424806 0.128633 0.150267 0.257267
0 0.093997 0.782225 0.184206 0.266783
0 0.337153 0.559571 0.148561 0.285092
0 0.195803 0.417488 0.129883 0.174225
1 0.077394 0.501708 0.151000 0.348450
1 0.213014 0.593996 0.154539 0.219908
0 0.912111 0.503913 0.171633 0.318058
1 0.812989 0.916258 0.196167 0.156467
0 0.255372 0.169467 0.223756 0.323550
1 0.618167 0.858396 0.176389 0.262025
1 0.415281 0.909929 0.155639 0.180142
0 0.790039 0.725100 0.185667 0.242067