0 0.367969 0.128604 0.204687 0.197832
0 0.378179 0.629883 0.197393 0.197148
1 0.933599 0.357725 0.102295 0.132324
0 0.375000 0.378335 0.203125 0.201182
0 0.873633 0.861968 0.227734 0.227041
0 0.123481 0.618164 0.209111 0.222051
1 0.873540 0.151006 0.189209 0.182129
0 0.430908 0.069644 0.126953 0.137334
0 0.814946 0.607915 0.124209 0.140381
0 0.117969 0.121948 0.220312 0.239229
0 0.114844 0.377354 0.214062 0.187520
1 0.637695 0.125083 0.208984 0.229854
0 0.126562 0.873086 0.237500 0.245391
0 0.625391 0.616143 0.227344 0.215879
1 0.836919 0.342524 0.101260 0.117373
0 0.380615 0.866216 0.209473 0.201787