0 0.470733 0.169978 0.202000 0.197733
0 0.262000 0.757067 0.208889 0.228444
0 0.560400 0.770600 0.268267 0.227244
0 0.735578 0.612289 0.202444 0.201467
0 0.551511 0.479956 0.185867 0.191467
0 0.359800 0.341644 0.194356 0.161244
0 0.606267 0.307911 0.234756 0.154400
0 0.728689 0.448911 0.196756 0.137378
0 0.347067 0.548244 0.197156 0.190622
0 0.835178 0.799689 0.219778 0.172267
0 0.161511 0.660667 0.160267 0.175289
0 0.245600 0.483133 0.111289 0.146622
0 0.851089 0.527822 0.115956 0.142933
0 0.489756 0.632333 0.147333 0.103956
0 0.145733 0.535178 0.105778 0.118000